-1.265680673287856273e+00
-1.565366087939972894e+00
-1.020193664794283528e+00
-1.067356255204018334e+00
-1.286506116206643346e+00
-1.230099386400585360e+00
-1.385009612923851385e+00
-6.093037088062075446e-01
-5.511535638030331530e-01
-1.022202497458742476e+00
-1.182124555697742219e+00
-1.108555237798412030e+00
-8.249245614702617191e-01
-5.742439329148224525e-01
-1.359556160106504819e-01
-6.896276523695354932e-02
-4.917920930398103074e-01
-2.616392906905846139e-01
-7.750401533355710804e-02
1.002092503654872235e-01
1.386448796340761236e-01
-3.991465388414356941e-01
-3.545161312705604195e-01
-6.750959471135901113e-01
-8.725057101310406127e-01
-9.400347653367423506e-01
-9.800112701828216366e-01
-1.039224238719339777e+00
-9.368372154027193588e-01
-8.889636171661901010e-01
-1.695099218399467172e-03
-8.895068671633041824e-01
-7.996698897426425257e-01
-1.074933340873633236e+00
-1.516348370275713009e+00
-2.158741721198806918e+00
-1.697909762117361110e+00
-2.123655540581760093e+00
-2.043627177334737421e+00
-1.932857093630676593e+00
-8.637181367909175789e-01
-6.769710211511290598e-01
-7.743338955380311139e-01
-6.783222334626666239e-01
-9.566825247071589766e-01
-1.261069539062006806e+00
-1.128788949610974646e+00
-1.089854552094716933e+00
-1.313891321005202784e+00
-1.600425350357583598e+00
-1.186380171229931335e+00
-8.722006791470825471e-01
-1.078685286351380945e+00
-1.347274628095059601e+00
-1.205066308851987067e+00
-9.654292521027048046e-01
-9.620206396972739160e-01
-1.442613155554642423e+00
-1.447658357160714671e+00
-1.440963038984212963e+00
-8.295388197657437290e-01
-6.658181651354337927e-01
-4.879119324093680321e-01
-8.845348079993246015e-01
-9.893547581546914271e-01
-1.050676114797810312e+00
-9.378443177493586136e-01
-9.747965510393039601e-01
-8.912394602726385617e-01
-9.549894358762799351e-01
-9.583005865083468189e-01
-8.602114049408779994e-01
-1.384669329913130298e+00
-1.397550176332480021e+00
-1.409331327157793412e+00
-1.482375219456861570e+00
-1.534436803983871389e+00
-6.459162240021111279e-01
-6.614282012521760512e-01
-7.370566076340272499e-01
-2.928248072543021552e-01
5.166688949499761430e-01
7.104074986769353117e-01
6.721760954827420420e-01
8.863409576662059086e-01
7.710433778532438387e-01
9.673294421464280202e-01
1.567857562976540997e+00
1.492675339087385034e+00
1.746393915196891022e+00
2.268863771241199867e+00
2.493974669138613542e+00
2.785754193227398812e+00
2.815855784043586496e+00
2.893982755125126261e+00
2.905114548982451250e+00
2.912986723466367334e+00
3.152704937405764962e+00
2.104913352620656042e+00
1.509318969325056825e+00
1.465802719486126060e+00
7.300621348755329532e-01
3.091268828026634274e-01
3.615733970806188635e-01
-2.494738071834404561e-02
-1.216585989748494301e-01
-9.806804512284829356e-02
-9.262711366380783906e-02
2.989528733578026079e-02
-1.629631100935895471e-01
-1.388376460410447877e-01
-3.095138108692399581e-01
-6.034286433796386406e-01
-8.537677802712835273e-01
-7.385067524583065479e-01
-4.303576021301871446e-01
-3.804179514215980107e-01
-9.710819446089370421e-01
-1.377938760039878474e+00
-1.338543749884922640e+00
-1.356039891422534671e+00
-6.323449042691027255e-01
-4.570228701665006721e-01
-6.400627092038302379e-01
-4.288508213243086842e-01
-2.957872284199574708e-01
-1.644466457189233122e-01
-1.366526754382067950e-02
-8.080528710286850880e-02
4.809570081730727975e-01
6.563688918880975498e-01
7.143343396771723031e-01
6.043763682699827555e-01
5.856545578567284860e-01
6.894783203021531692e-01
4.894323125833600630e-01
3.724200343598668139e-01
3.003289041112564561e-01
-3.342776759577896495e-02
-2.145761135382966700e-01
2.402761044890080674e-02
-1.059824041353335800e-01
-3.641681251313473311e-01
-4.141369401250258320e-01
-5.414374987969625685e-01
-3.994357849576149477e-01
-1.076203919373281970e-01
-6.887548138441973444e-03
-7.669578838557249145e-02
-7.833874416096575644e-01
-1.015719811004616613e+00
-7.584609510331452586e-01
-6.591412085372928553e-01
-4.380904467623145115e-01
-6.616895516758798390e-01
-5.195563500843700666e-01
-4.373536378450133544e-01
-7.329430870898986927e-02
2.148458933430107687e-01
3.915941511236729622e-01
7.947969557343723124e-02
-4.051284608224044875e-02
-3.555925165528278087e-01
-3.039589279029604740e-01
-1.320366464140892981e-01
4.763854650469588614e-02
2.083033354427734074e-01
-2.234790353818292552e-01
1.465348232716146915e-03
1.450873034442776432e-01
2.378291495718259929e-01
2.560568869971787120e-01
6.131280680376915981e-01
5.679732999998280407e-01
7.323657357775035237e-01
8.996294475269394075e-01
1.254639024707687955e+00
1.008858660120002249e+00
1.124020092254893965e+00
1.050993607008142261e+00
1.057780503124811755e+00
7.181736137292369371e-01
6.604081593645528825e-01
5.189877598044233542e-01
6.476181569787112791e-01
5.925531173261495699e-01
2.879292862699961431e-01
6.577708663919067389e-01
1.201282517050235255e+00
1.556940011419758019e+00
1.531487359813818117e+00
1.185000246907928823e+00
6.890025195683265880e-01
2.559079443747304672e-01
-1.225361432506350684e-01
-1.038069756145362926e-01
-5.978960808323641185e-01
-8.681190798025321120e-01
-6.927998208559127402e-01
-7.809497817419311927e-01
-7.488869625369556360e-01
-1.126936275420050926e+00
-1.405975343465409644e+00
-1.481614769629187922e+00
-1.539712605724983918e+00
-1.673595827914670542e+00
-1.442290794017023536e+00
-1.093485966189433833e+00
-1.008939327530072649e+00
-6.580333659841293148e-01
-8.361255515218832257e-02
2.385516933089729813e-02
-3.725649836852659713e-02
1.364258028339475903e-01
1.419674614538935127e-02
1.573321897524894430e-01
5.226672700731980203e-01
1.153567457955837039e+00
1.335642623684154762e+00
1.269009688014855586e+00
1.365306330361376608e+00
1.367944480948487973e+00
1.399060201944392068e+00
1.627026440818408748e+00
2.229616386443744602e+00
2.394227294845719722e+00
2.389255421346845321e+00
2.364596342422657926e+00
2.202537279316258534e+00
2.046849364439099261e+00
1.478889346816423034e+00
1.131256992200853739e+00
7.113603195782776112e-01
3.998828123071588303e-01
-2.722045212895451982e-01
-8.315183154325345161e-01
-1.206502139672206653e+00
-1.488573845118265293e+00
-1.136328438803577034e+00
-1.127228632349534854e+00
-1.537435670053858505e+00
-1.886578398263354162e+00
-1.295736100439109029e+00
-1.021615919488962909e+00
-8.097537149492736175e-01
-1.234009611679738327e+00
-1.193427498658012897e+00
-1.125749086413723177e+00
-9.480499222666798342e-01
-1.289125371078864157e+00
-1.389880474310463354e+00
-7.241330482710269800e-01
-1.437815957692491764e-01
-1.980955320816462084e-01
-7.757086472233991337e-02
6.309976748839047911e-01
7.511571449182965488e-01
7.553391270623589504e-01
7.245789668648098258e-01
2.453035933639949873e-01
4.560404565995046511e-02
2.529612622140128830e-01
2.471179498116993778e-01
-3.165382727777097532e-02
-2.381382804680362564e-01
-3.769231334831512625e-01
-7.607695762102077985e-01
-8.126377402354072466e-01
-9.914970859760129374e-01
-9.834391542809760578e-01
-9.780638113971196201e-01
-1.351148666858271508e+00
-2.016996901017987565e+00
-2.204817139764842171e+00
-2.267105013608215813e+00
-1.926485294696552275e+00
-1.719325746068877558e+00
-1.470599067330061294e+00
-1.435872554571252291e+00
-1.454190453877470146e+00
-1.600235400322717716e+00
-1.638402072969513457e+00
-1.563855194001040338e+00
-1.553580423146029066e+00
-1.488730498165199201e+00
-1.670722198639546408e+00
-1.477635086981827106e+00
-1.303282155511934270e+00
-1.287685264968974508e+00
-1.338273168411933778e+00
-1.209339842482632932e+00
-1.022086985542661086e+00
-1.204825629258615249e+00
-8.986900877746466509e-01
-1.093115882147895457e+00
-8.865676707527395672e-01
-9.681778183417673045e-01
-9.084251244655819901e-01
-1.005805411070920696e+00
-7.636667419453661010e-01
-8.356236228476737748e-01
-5.512185856078639645e-01
-5.034107638408156227e-01
-1.672290179990186532e-01
1.001619661122559735e-01
5.536454139895682219e-02
2.960822939507614660e-01
4.439384759581979090e-01
5.641649212234758348e-01
7.131145651813722841e-01
7.412488429290247094e-01
5.233911613175381561e-01
2.573520062844645850e-01
1.972394388385055597e-01
2.413915601474988792e-01
2.235454158907370925e-01
1.970300918797368572e-01
7.679729879684894511e-01
1.062354847592707596e+00
1.388283208406125624e+00
1.537443102286049523e+00
1.716049991706767974e+00
2.043499746464769729e+00
2.204794642909761127e+00
1.814034174571215408e+00
1.344534041713467021e+00
8.118027502545938079e-01
6.041919946815497156e-01
8.096612487508512146e-01
9.561321469754211488e-01
8.690518088933920637e-01
6.000116664470858119e-01
3.177530164942421465e-01
3.295465123834364074e-01
-1.783592207826911746e-01
-2.505250391759233364e-01
-2.288024091123097570e-01
-5.479486572020084711e-01
-7.501522738035817373e-01
-4.928612447094041227e-01
-4.251911442328110136e-01
-3.099284227888127186e-01
-5.780329650255445761e-01
-5.990103529643330260e-01
-3.624084340090125700e-01
-1.311764453536138665e-02
3.255545946276907493e-02
-2.391778989822343493e-01
-5.488516964604999160e-01
-7.019385659698376134e-01
-1.909939529471630926e-01
1.401062064405503814e-02
4.376570929716876168e-02
1.324766097709514749e-02
3.289775686187839665e-01
7.209040293309980640e-01
1.129932166503010427e+00
1.376214442152654316e+00
1.830461226356189686e+00
1.906286731761462683e+00
2.101194197413694287e+00
1.907012526617645198e+00
1.797514010788876959e+00
1.841880349403649308e+00
1.585572136087596729e+00
1.407226490932915963e+00
1.215425027537610614e+00
9.827865079047996000e-01
4.969986908796427127e-01
6.088036310877785739e-01
6.976620538853314235e-01
8.555688875667547544e-01
1.030875393402082452e+00
9.301113558184228580e-01
4.522434415068194435e-01
3.689450887772799947e-01
-1.022595962465847191e-01
-3.919633964659834935e-01
-3.064276303141649782e-01
-1.243030572271982548e-01
3.523237102730970155e-02
2.678644424760929232e-01
5.885657586356772830e-01
6.006125806476066975e-01
4.250688657380894964e-01
1.382120580991355874e-01
4.111858846066638318e-01
9.974956522992007857e-01
1.355949081162510117e+00
1.939909119133281568e+00
2.076363219455431341e+00
2.137826534234828824e+00
2.240726872451866303e+00
2.494919970034167989e+00
2.311430348194217110e+00
2.183975809985648997e+00
1.621073312415559187e+00
1.463683419528440277e+00
1.000773740146511548e+00
6.595293062891030011e-01
3.371012050456564935e-01
1.268272516953038165e-01
1.089381830076102398e-01
-1.529210531874320989e-01
-1.725312565964977063e-01
-5.220302469656185052e-01
-9.763368560492640125e-01
-1.008263213059101160e+00
-1.179579285497995622e+00
-1.000747405086926500e+00
-7.021182991833290199e-01
-2.598038537162818962e-01
3.442421378323544112e-01
5.386592291344709515e-01
8.170341842436108504e-01
1.276318289208014045e+00
1.384883049057176851e+00
1.324214974053113281e+00
1.488030032468063979e+00
1.674271174916883043e+00
1.606301921145257161e+00
1.232782111418227800e+00
1.152000648344008837e+00
1.658569953748975978e+00
2.006736972520374973e+00
2.058718938613879335e+00
2.122921160494676052e+00
2.068638166918202792e+00
2.175037863442542463e+00
1.763807379024044497e+00
1.769226825734521169e+00
1.380554695036310786e+00
1.574036839410847044e+00
1.303278158790246000e+00
9.401655234998338440e-01
6.056277786503991845e-01
5.958242340851286345e-01
1.940543123472558695e-01
4.727131695036946440e-02
-3.454789030071813150e-01
-4.677366284819064468e-01
-3.817925693885811933e-01
-5.573531258497302909e-01
-8.379986169544128005e-01
-6.546220617144045129e-01
-6.213283644415967810e-01
-8.189224698731479846e-01
-4.811276645338933289e-01
-1.116623851407098356e-01
5.777489038979372743e-02
2.792854338884148135e-01
4.431710650127941853e-01
4.578717622119374830e-01
4.456545404949084355e-01
1.604018925017333397e-01
-9.605483283367763012e-03
8.487390740878777984e-02
-1.442472232874192073e-01
-3.281463701420819223e-01
-5.113383272764112641e-01
-4.716045806759294745e-01
-4.263307491422324569e-01
-4.807188842757515457e-01
-3.525632433314520586e-01
-3.326452762782129424e-01
-3.691642086768672226e-01
-5.370933037042663338e-01
-6.968248213771781607e-01
-8.097067158114804597e-01
-7.868439736658795480e-01
-6.214586212402346543e-01
-7.273522321059016083e-01
-7.119437759371259888e-01
-7.504318653276466078e-01
-9.657931628950910952e-01
-1.210998016369305263e+00
-1.607769442821775918e+00
-1.527480010543352806e+00
-1.688012451778037715e+00
-1.789523498593662554e+00
-1.712386466503930560e+00
-1.551620198632231773e+00
-1.862223152966967055e+00
-1.926566316238317089e+00
-1.597137369198261325e+00
-1.038068341043517195e+00
-1.012556279235699019e+00
-9.861783562136886561e-01
-9.276866490950252953e-01
-9.907852116118319730e-01
-9.103520794743921174e-01
-6.896322224982111004e-01
-5.471950786057387939e-01
-6.975651449285777961e-01
-8.712955072487920116e-01
-6.499356470262889207e-01
-6.391446347413139994e-01
6.517816396191009054e-02
3.478708699900929791e-01
4.835531671371700035e-01
4.642779761100875868e-01
8.661884791202872913e-01
8.715853383951184252e-01
9.768076063205651804e-01
1.175223629833136441e+00
1.213805432488046732e+00
1.236229834850183895e+00
1.027297790091651786e+00
7.415217822137915027e-01
4.420792867720816921e-01
3.479174226566265626e-01
5.169944335066949392e-01
4.822794596676787116e-01
2.365248012043645320e-01
2.047612027901534251e-02
1.359705599898987927e-01
3.628631741310978653e-01
5.399894645305819418e-01
1.113461142056212383e-01
4.400396431261077018e-02
1.318656041841496374e-01
3.501207886117411738e-01
5.298041607785759499e-01
6.155750116120261017e-01
5.733882666641323400e-01
5.433953599224993214e-01
9.592521642364214562e-01
1.148713380883591428e+00
1.204864588264497716e+00
8.026741529533965025e-01
7.757204496469510824e-01
6.879899650259330146e-01
9.436347539516727334e-01
6.972007774619055631e-01
1.113899630582562805e+00
1.293991211095441463e+00
1.352337821010639374e+00
1.510069720059250553e+00
1.352186250622234853e+00
1.276621671363979749e+00
1.163662549052459916e+00
8.717923650098883259e-01
6.456876614933015901e-01
1.063955576294335126e+00
1.073429182565763362e+00
1.286540432125400590e+00
1.100390573860019039e+00
4.974369486890574121e-01
-1.328261050309519353e-01
-3.852898796421824756e-01
-7.828636139384219650e-01
-1.000619353484162977e+00
-6.790130603000380516e-01
-1.047842507339876494e+00
-5.793611252080017593e-01
-9.474405843729531984e-01
-6.664162874549315330e-01
-1.184527886046705225e+00
-1.616661533810645368e+00
-1.942261096120717623e+00
-1.956237716819254402e+00
-2.325701037931167114e+00
-2.614706942489424701e+00
-2.631535634465146600e+00
-2.309991784388259806e+00
-2.210471311647164594e+00
-2.105480377422291660e+00
-1.332086815053694862e+00
-1.223291651480556741e+00
-1.175224640574168644e+00
-1.091497803937069744e+00
-1.439540559048049673e+00
-1.419939721870865812e+00
-1.844251057700836638e+00
-1.688808994896878302e+00
-1.483234572030893039e+00
-1.064123506680747955e+00
-1.095224934002382078e+00
-9.252029356594488885e-01
-6.355138198063489119e-01
-1.244113355616189784e-02
6.112748746829720359e-01
6.224651387562064597e-01
7.728712949812248656e-01
9.486863691487211758e-01
1.494541636290957376e+00
1.781684635499436453e+00
1.778678895010359806e+00
1.576089704716144180e+00
1.333145156316941415e+00
1.026091655021190707e+00
-5.677492223374263659e-03
1.529805580114344532e-01
4.214221959859388855e-01
4.147019942140309778e-01
2.776526096530369525e-01
6.349727672910461251e-01
6.680814809687656286e-01
3.342805987360549791e-01
7.093283706155664170e-01
8.245163568630003992e-01
7.112545770772591425e-01
4.126280783217770032e-01
1.989199385198887338e-01
4.803919685727730399e-02
1.226276376885338387e-01
1.721834115258802644e-01
1.061279501017477894e-01
-1.336230701542350519e-01
-4.754161684725114467e-01
-1.239775838106204758e-01
-4.888664717033496254e-01
-6.229418673132072204e-01
-1.276770474592704430e+00
-1.712183109132363157e+00
-1.385960634357953580e+00
-6.337790827301800212e-01
-6.580287328130310920e-01
-3.808094105888446546e-01
-1.818793079647960664e-01
-2.996324823174170149e-01
1.159093033236206632e-01
3.803505447368460413e-01
-6.215357500308993366e-02
-2.543009568127054809e-01
-9.319408598587599624e-01
-5.214080371997636965e-01
-7.443424862705576572e-01
-4.517687756879933403e-01
-8.996736016881211606e-01
-8.645575392432089945e-01
-8.916989021491640299e-01
-1.058874752428097032e+00
-8.533205524786842133e-01
-9.581990045140180712e-01
-8.525699929694438017e-01
-7.511707974925085907e-01
-8.375091141968030728e-01
-3.809103974380142477e-01
-8.958861106876313263e-02
-2.268786402009199607e-02
8.726467745145975730e-02
4.097105722222349478e-01
5.975281215806926838e-01
7.416685789884799318e-01
7.358149526274605501e-01
6.302656614403956414e-01
3.250716781019195034e-01
1.683749422644424398e-01
-1.599138408154395299e-02
-2.694577088777315166e-01
-5.123261531097073052e-01
-6.464105465386776883e-01
-1.113612068614752149e+00
-1.182109490508707283e+00
-1.339640703787370546e+00
-1.264892014327877900e+00
-1.121899113285446559e+00
-1.169599764842102818e+00
-1.037054617246903288e+00
-1.028131240292848636e+00
-9.216877927719483443e-01
-3.710384151886781390e-01
-2.402859266723386400e-01
-3.792158781098790010e-01
-3.066462184356184006e-01
8.746226517581687232e-02
4.306239742892233879e-01
5.691844371673535630e-01
9.770208019483577200e-01
1.299391943850008335e+00
1.556643800124731580e+00
1.400559793667214281e+00
1.406772566523100565e+00
1.566237862453332630e+00
1.493449686721065373e+00
1.299162649414220327e+00
9.811097049306748419e-01
8.080808373140214718e-01
4.688833788450732509e-01
5.199540863252683637e-02
-3.271487057659180353e-01
-2.400894419457158535e-02
-2.441791632153757913e-02
-2.067237079470315153e-01
7.728357016596740237e-02
-2.383951476451787732e-01
-5.110272809312248476e-01
-4.161890530167839386e-01
-1.565637886522080469e-01
-1.713133528059263277e-01
-8.300246340681391444e-02
9.513221163241770972e-02
2.971879386843657989e-02
1.230140149108298331e-01
6.639705028341899573e-02
2.756611436037769702e-01
2.584138643929884682e-01
4.015003343272149222e-02
-1.201018280281945516e-01
3.431778154994243740e-02
1.263263919209964836e-01
2.362729932839279998e-02
-1.215392472698499232e-01
-2.602166894886461246e-01
-3.137677686875852689e-01
-1.520307246814679714e-01
-2.472206857567528504e-01
-3.511129299726786224e-01
-2.437882282930345923e-01
-1.375202870701671687e-01
6.053548569934825291e-02
1.158257747537651088e-02
1.671390701318369587e-01
2.075774748122442004e-01
2.242544538886940275e-01
2.847762384707894778e-01
2.108803037791953661e-01
3.499500777192979251e-02
4.158352742307543370e-01
3.052025310536582436e-01
2.316671509035776177e-01
5.002924902417670294e-01
7.042711146761447827e-01
4.934991980152680924e-01
6.949484219172759047e-01
1.189950285734266977e+00
1.370733778749250398e+00
1.645796375908181064e+00
1.586893769233853391e+00
1.769285590829591470e+00
1.876723458820558577e+00
1.862776479395146234e+00
1.888368970986872730e+00
1.697880343380164581e+00
1.575741580217688398e+00
1.115915493618709897e+00
7.809676829993449365e-01
6.732311224209500677e-01
2.667775783377879240e-01
2.865801348704112225e-02
-9.699283661452666461e-02
-2.362217427851639739e-01
-2.778515691044017855e-01
-2.946957743818910402e-01
-9.275330834879086384e-02
3.117372568489904516e-01
6.751559662416294350e-01
6.740919053900427116e-01
6.455393954925159328e-01
6.507042430188876292e-01
4.538726861178259964e-01
1.588912493225136668e-01
6.027082476835843999e-02
-4.377514720227098505e-02
-2.838050754343680038e-01
-4.788460015072730225e-01
-3.822201898894351246e-01
-3.926614403350672799e-01
-4.386462603931197135e-01
-7.208091235598437230e-01
-1.044308676129204860e+00
-1.162326135810619165e+00
-1.050253617040105558e+00
-1.122253529766688240e+00
-1.265192988505558613e+00
-1.175767458996545223e+00
-1.191475445618349616e+00
-1.181064926422496386e+00
-8.178892312949572752e-01
-5.143302192290789554e-01
-3.915505582924972972e-01
-3.431274592373951271e-01
-3.195631097208417870e-01
-3.974543777278206069e-01
-6.391575472499967658e-02
-2.261747753085991131e-01
-6.959521224891206115e-02
-1.541602263776399029e-01
-3.614705975794808013e-01
-6.405849112680307433e-01
-7.545726677528288295e-01
-5.702895920221885406e-01
-3.609448761451651833e-01
-6.716435479584423329e-02
2.414856148771160269e-02
2.021902968372060391e-02
1.187411028793066980e-01
2.712782731431034322e-01
2.317950796884057640e-01
4.839290135710844210e-02
-2.800181357958267392e-01
-3.656651425300649350e-01
-4.869142224469116820e-02
-5.322500542705004695e-02
3.263240929641595955e-01
3.437064384105934511e-01
1.931959824795889680e-01
1.541366790772842055e-01
1.566083775843372383e-01
6.000740028074545707e-02
7.360537855677713910e-03
-3.364121493648659228e-02
-3.762027725150058344e-01
-6.327510446040670589e-01
-5.196854477869258110e-02
1.740410718170785631e-01
-2.057600878159719093e-01
-2.562406428862416541e-01
-7.573713925438304261e-03
2.782862346759765182e-02
2.196792587394736096e-01
5.281860316475599920e-02
1.032983233071808893e-01
7.350932772309223817e-02
-2.125360185276580494e-01
-6.253953946661880980e-01
-8.637106262002965940e-01
-9.227752075868442816e-01
-1.203851360920074720e+00
-1.183199095795640199e+00
-1.324391201200306956e+00
-1.617759494255738284e+00
-1.726700402064112350e+00
-1.291045815041193201e+00
-9.182775355768623138e-01
-1.104955226559301229e+00
-1.040096120584607098e+00
-9.419712558877254560e-01
-8.751080498909359351e-01
-5.125234208346940434e-01
-2.451423554538389171e-01
-1.620980998983272137e-02
2.290765343814567256e-01
2.949186924094457374e-01
5.809964365987623225e-01
3.108085697865997643e-01
5.460591367678131469e-01
4.921384177115981640e-01
1.147854547421859550e+00
1.918583313266501333e+00
1.710029397399005724e+00
1.755763580698515458e+00
1.469823989757403027e+00
1.462120118132807178e+00
1.491557235582910312e+00
1.353921715672153026e+00
1.558109591675099548e+00
1.652658067293464317e+00
1.608800614132234408e+00
2.034082421436810506e+00
2.197380692062633312e+00
2.115009684816203883e+00
2.259948153231737589e+00
1.992593085990889135e+00
1.760788256962059872e+00
1.930557664745875313e+00
1.898082274143844783e+00
1.679971682061363270e+00
1.629901004830397904e+00
1.563589223627083857e+00
1.680731569962258476e+00
1.612437560640397560e+00
1.817879173516040670e+00
1.462308855292570486e+00
8.948654902733663707e-01
7.216611779388247827e-01
3.581560070185975664e-01
1.742906280184561285e-02
-3.851609469703051736e-01
-8.607698507948254862e-01
-1.031676658867460850e+00
-1.478696135955881674e+00
-1.275247699403192714e+00
-1.266931888216854096e+00
-1.261247276159511044e+00
-1.246466933694649670e+00
-1.021536081529501594e+00
-7.924323612571543274e-01
-4.000456296349959584e-01
-7.043433213148984906e-02
2.064590637969614811e-02
-1.215606906678805693e-01
-2.924354431400968402e-01
-6.849842818834738223e-01
-9.175891893322386528e-01
-8.048957134246222944e-01
-5.492540064389669352e-01
-3.078656277756567916e-01
1.582399300205821098e-03
2.068849882467937440e-01
3.645909181500810448e-01
-1.353166740600945939e-01
-1.771408213113695174e-01
9.873197862348261078e-02
7.867185913187958735e-02
-3.871141998361488645e-01
-6.004523365448324324e-01
-6.883954464883276225e-01
-5.026896027683123158e-01
-4.017052456388958137e-01
-3.550485544910302882e-01
-5.345917699964964909e-01
-4.200018864107184502e-01
1.664056582350182945e-01
-7.555500976311989303e-02
-1.244426679035029043e-01
-1.129976479370411735e-01
9.355396953769941348e-02
-5.968259341777996108e-01
2.281378457880092192e-01
5.434637631837064414e-02
2.472426663588585261e-01
3.404314633153995850e-02
-5.402197334301981346e-01
-2.876578450153823296e-01
-2.852391509095780209e-01
-2.811407075931226518e-01
-3.354596277936381377e-01
-6.715941000357484869e-01
-3.235932488163067444e-01
-1.897706750340087400e-01
-1.368386801424207044e-01
2.760977159957831994e-01
3.523073417426265119e-01
5.827929754912976046e-01
4.034043022838481596e-01
4.978502935918042299e-02
-7.277930247053618351e-02
-3.029320481778787974e-02
-1.646854467550092349e-01
-3.025842721173527816e-01
-4.214939506694626581e-01
-4.962122909281074801e-01
-6.746190260287604490e-01
7.740647140218957778e-02
1.047011550507924993e-01
3.423254218124375803e-01
-3.056291062085952914e-01
2.168261498218045646e-01
1.855284962496556445e-01
-3.980060147880308263e-01
-5.683119371105987971e-01
-5.225478710165007978e-01
-6.883136168616967865e-01
-8.390811086159268850e-01
-7.456173742193134002e-01
-1.873336179970095383e-01
-3.143234612595641742e-01
-3.207890254158696219e-01
-2.060064205636475687e-01
-1.046609410125365902e-01
-2.979828967162910236e-01
-4.709998279203180815e-01
-7.335592270997740583e-01
-5.434354611100994381e-01
-6.904037601471259000e-01
-1.162947466536978780e+00
-1.059989020428788509e+00
-1.113091456849372163e+00
-1.337919811126843328e+00
-1.322637371456775401e+00
-1.024062385305422707e+00
-1.187406749092568381e+00
-1.524780731523285970e+00
-1.310798941372438575e+00
-1.345195990347260340e+00
-1.048797217373321322e+00
-1.094721389936113676e+00
-1.121524978668049233e+00
-1.401473810206574244e+00
-1.337926807553222686e+00
-1.131061327494677693e+00
-1.011623574232840772e+00
-7.221392843801971440e-01
-3.354872827119619316e-01
3.313709090592283080e-02
3.992794373168591093e-01
8.667006676466755266e-01
4.835228110704963833e-01
6.875437883581190235e-01
9.834550323480514278e-01
1.026902630192503274e+00
4.228238803283805858e-01
2.771890480554307090e-01
4.477417402007674574e-01
4.089033502324578295e-01
3.327897735261892143e-01
1.134979367729506139e-01
-2.376787212751855782e-01
-3.842323882181922778e-01
-3.603908630684244940e-01
-3.412106024193518605e-01
-2.006042549277151366e-01
-3.336940593486560913e-01
-1.347559334582988932e-01
2.046184483615875183e-01
4.662405489863263308e-01
6.482877279683890714e-01
6.937373405503567403e-01
6.863839443303273447e-01
6.270896985798364298e-01
4.776686115434155555e-01
5.451433987198635034e-01
6.187931181278500947e-01
3.198627483676559913e-01
2.223126768229327088e-01
3.478088176251468711e-01
-1.496334175146447343e-01
3.054374492369383437e-03
-1.044431563688400788e-01
-8.882451508675743845e-01
-7.108915072696079251e-01
-6.445170175563711412e-01
-9.833680678705685185e-01
-9.026702174176550741e-01
-1.258839457134047990e+00
-1.371419859175559086e+00
-1.108159845239501617e+00
-1.209049829833839906e+00
-7.041384230912829389e-01
-8.294299911118730995e-01
-1.016393631211081283e+00
-1.273150133794237693e+00
-1.535608296415603480e+00
-1.517837309319973516e+00
-1.388549288183370978e+00
-1.431412384875395905e+00
-1.601287479985132212e+00
-2.189020869237317424e+00
-2.170122121400939186e+00
-1.886779463585507743e+00
-1.373110318933962182e+00
-1.023928362546514759e+00
-9.903825737679452512e-01
-1.030918575377513191e+00
-1.190297496923622411e+00
-1.205619795783398507e+00
-1.088283231376735216e+00
-1.087646611281679832e+00
-1.191285875698413710e+00
-1.281329448335178700e+00
-1.354876653274457610e+00
-9.365701477482063497e-01
-6.192158199060386892e-01
-8.752392568119901628e-02
5.141183492506681274e-01
7.206840024884483276e-01
9.913666539963342794e-01
1.024631069285831808e+00
1.143015105853399938e+00
1.096780290280229941e+00
1.094372575835732553e+00
1.157089158186972222e+00
1.275122235847552687e+00
1.495707102042795889e+00
1.698842906381830886e+00
1.670109263093660479e+00
1.421093283660114670e+00
1.213312106742281626e+00
1.192055306181634577e+00
9.967384547214269697e-01
9.022133254212602038e-01
7.958842033193245236e-01
4.735629437730531910e-01
4.520457749317162710e-01
6.903123173996266182e-01
7.262234874410025132e-01
8.095648592953721412e-01
8.006409872261437410e-01
6.977874091550798630e-01
6.360568723166013516e-01
2.863169652133145671e-01
1.832903497213382582e-01
-1.335997830189599167e-01
-2.033389313125669173e-01
-1.473535050384425782e-01
2.769182818702130011e-01
2.186531151812743379e-01
8.108128775307991976e-02
2.529133435477440850e-01
3.869887771893391060e-01
6.095593384753944521e-01
4.634352836326700031e-01
3.147708904886744596e-01
6.674299713380665855e-02
-7.595380304146656658e-02
-5.082545363886066536e-02
-2.022802202432947283e-01
-2.589667280715441389e-01
-4.758762998710744374e-01
-7.502726897151913710e-02
1.685485174661723318e-01
2.061390913406106473e-01
-3.907468941381640748e-02
-2.225862350161063319e-02
-1.771405773970683717e-01
-1.069827031331153228e-02
-4.047646423317873277e-01
-4.898803119436026532e-01
-7.579258430709073791e-01
-7.413584625219271640e-01
-5.905016461462829769e-01
-8.113287815553975602e-01
-8.072103277922533238e-01
-3.976797176987613702e-01
-5.069226593635839384e-01
-7.445369027661594696e-01
-8.554791999971137484e-01
-9.561429361022089068e-01
-7.754857929805034633e-01
-4.866139725818519057e-01
-8.475810920904573997e-01
-8.498935904655740003e-01
-5.144791472194290005e-01
-5.131193458525094009e-01
-3.139466142046926644e-01
-1.491635464807926081e-01
1.154058441874711571e-01
1.469087983639981998e-01
-8.955156989355039787e-02
-2.338950774895834361e-02
3.885454298729077993e-01
4.960349392263011525e-01
8.308954752087699402e-01
9.596896520120938856e-01
9.175028609081093967e-01
9.458995173283276658e-01
7.406700350017642043e-01
4.261800815685611865e-01
2.556868294630593869e-02
-4.769432255322991199e-01
-1.038499946321931988e+00
-1.075641985381051491e+00
-1.040612239799119543e+00
-1.249737132821946206e+00
-1.076027219188490092e+00
-9.977877685393959917e-01
-7.655245855904910801e-01
-7.536220322211241163e-01
-5.171650156262964648e-01
4.996295077233361970e-02
3.683847776645792216e-01
5.964214409932122596e-01
7.675128848868195686e-01
8.795159215113270701e-01
1.051705194743213223e+00
1.352247513941048362e+00
1.296093773066759880e+00
1.542176049958911666e+00
1.766830334734988517e+00
1.727900897164180272e+00
1.306361450230889343e+00
9.466543187386831093e-01
6.498312853303558345e-01
4.294330441069331705e-01
-1.862625733099153996e-02
1.282635361504437244e-01
1.701714846344159204e-01
1.355765114560915918e-01
2.666113719318137162e-02
5.655841649033103991e-02
-9.154656859696498616e-03
-1.277104101026922123e-01
-3.336384281674375507e-01
-2.679334865065480242e-01
-4.121409373964281531e-01
-3.138824528318828744e-01
-2.245023176861768444e-01
-2.760103880989558944e-01
-4.658573721482247021e-01
-8.812034638406538445e-01
-9.516005761775334637e-01
-7.313892495913009162e-01
-5.576322706251958250e-01
-6.440356333913158648e-01
-6.910038723602645039e-01
-4.402315856190318066e-01
-5.233120985729570185e-01
-6.281896136672165953e-01
-8.567290419113022804e-01
-3.214858052674831046e-01
-5.319352604154752029e-02
4.261259236985213972e-02
1.680421765563068770e-01
2.918234758923882732e-01
6.494990478052096172e-01
9.302880281198195878e-01
1.115527211226049698e+00
1.119250809546562087e+00
7.843194555694916748e-01
7.523945780221894530e-01
8.741952955837460904e-01
9.273558155464145525e-01
5.621428841055122749e-01
5.976624639402250416e-01
7.132306223772206799e-01
1.204147572260101162e+00
1.005630075494394982e+00
8.648477262033248403e-01
6.097495894353097690e-01
4.898112180725979203e-01
3.196388757443529571e-01
1.531011354144619363e-01
-2.450410496265093552e-01
-5.271035639048292643e-01
-1.005229474718275728e+00
-1.321121175213115562e+00
-1.335989742344106723e+00
-1.349751273895396730e+00
-1.364629588576257602e+00
-1.455029702564235139e+00
-1.793006561128288157e+00
-1.739954040805246516e+00
-1.602333095349583791e+00
-1.326335243265712727e+00
-1.466443225412250362e+00
-1.513158583894214093e+00
-1.397642288500927199e+00
-1.257022680222378064e+00
-1.065244795635899910e+00
-1.208520970151645280e+00
-1.220508648340612234e+00
-1.226635816743066210e+00
-4.446889464216652321e-01
8.420981046292756213e-04
-3.837623952519153558e-02
1.734668069822370984e-01
4.748226638295856561e-01
8.561759741791026279e-01
1.147844658500573045e+00
1.569699532486790394e+00
1.430140331759166328e+00
1.775343445294670142e+00
1.897916460380023151e+00
1.991035807541038372e+00
1.631392425201784846e+00
9.263541575792026972e-01
3.525554427491778275e-01
-2.886537370524334678e-01
-6.747670785427402063e-01
-9.331873210997198020e-01
-1.153839951650291074e+00
-1.364163397106448183e+00
-1.539805525575228096e+00
-1.610184874721953596e+00
-1.952265070252888757e+00
-2.219676439452506589e+00
-2.246922411620092319e+00
-1.878474899633957307e+00
-1.406060483991146137e+00
-1.009092096078021417e+00
-9.161502897000173284e-01
-9.059343649817764854e-01
-7.643395948130971007e-01
-6.418649080182069477e-01
-6.859509346910488414e-01
-1.134536572264769116e+00
-1.064187805865497216e+00
-1.106213678745394891e+00
-9.442851257692322919e-01
-8.366364475244555399e-01
-1.010579263805777783e+00
-9.359273562862242546e-01
-1.306136976264643312e+00
-1.345575201311346225e+00
-1.214894683130695707e+00
-1.309366138400734014e+00
-1.641521004006595508e+00
-1.741582947503574230e+00
-1.775561045089596446e+00
-2.020255456634439728e+00
-2.067344359426170453e+00
-1.200378286107651515e+00
-1.008881604852366554e+00
-8.855179093219031072e-01
-4.078757042317004977e-01
2.747359032947135349e-01
4.746632990848154710e-01
7.117904082408174071e-01
9.407959566635115678e-01
1.145013919627321908e+00
1.094945851195251008e+00
9.296788160534804613e-01
1.029060234029194332e+00
7.615026674280807040e-01
4.173324965951318299e-01
3.272759939821542896e-02
1.948197787557744975e-01
6.529406321003762281e-01
6.475853354645577653e-01
4.045545699977629583e-01
4.985775662157879151e-01
9.552257384314306599e-01
9.643582018391554378e-01
8.647929578527745464e-01
8.622853425642957870e-01
6.792606120157347327e-01
4.658829408101011205e-01
1.710160923470956107e-01
-1.743936900559373282e-01
-3.139397094700809854e-01
-2.954965938339727538e-01
-5.506091758535091030e-01
-3.995925452570402991e-01
1.171036131956216669e-01
3.433272619938690928e-01
3.809440874405164434e-01
4.492515677136890151e-01
1.109647967052878742e-01
1.827642255408966077e-01
4.745140838414108608e-01
5.044307096058138207e-01
3.911521050246412057e-01
3.528175529253967935e-01
4.032711796737206145e-01
7.637639986356561383e-01
8.443986433490677790e-01
9.258675847969062289e-01
1.002143300099502143e+00
8.510957059204565800e-01
7.107932875388672800e-01
6.649314618597008675e-01
7.388566671057557045e-01
7.796597541716316915e-01
7.013069550276765929e-01
4.216506865469678011e-01
3.268719446980488108e-01
2.894308710934063167e-01
2.101889601139373676e-01
3.986948579050051955e-01
4.031203680728122629e-01
-1.501692400993104859e-01
-2.400557926033103917e-01
5.513175540275136455e-02
-5.362258313151771483e-02
3.051985322044466296e-03
-3.287697151169075016e-02
-1.703834154136320833e-01
-2.349651702085988059e-01
8.520923245330010165e-02
1.763804157937348960e-01
7.060707902057017371e-02
1.160178069141387242e-01
1.608352752247510231e-01
5.326302136093200718e-02
5.393476395207543600e-02
3.108128975342581146e-01
7.317324520350483308e-01
9.640020015902128758e-01
1.039600294166727057e+00
1.356372165866633450e+00
1.996655081263125853e+00
2.343427096426061063e+00
2.418734700068167598e+00
2.732520699783974383e+00
2.762851032910563109e+00
2.650052081043616781e+00
2.377812415565474513e+00
2.114937742339684235e+00
2.107659918663534526e+00
2.013584476415042790e+00
1.677025920108417889e+00
1.274540248385403363e+00
5.572789996196892970e-01
1.667526623470988456e-01
2.175791714223526338e-02
2.631325611674865672e-01
2.471496188861669330e-01
1.952774147981948538e-01
2.497827191540404335e-01
1.151893124439185984e-01
-2.608212770398112834e-01
-3.637087887216820525e-01
-1.885939015795605189e-01
-9.125577182991205516e-02
-7.598661614303610368e-02
-8.013817962011421381e-02
-3.521428162233989911e-01
-7.238995159529294510e-01
-6.988633955606152748e-01
-6.503406719215913956e-01
-7.101017315385496076e-01
-8.745296842455129172e-01
-8.737719243302798366e-01
-4.790581964529044834e-01
-2.569323506347167552e-01
-2.054183854143579735e-01
-2.694555034248641290e-01
-2.253230281346253472e-01
-3.693563508580223753e-01
-3.310970305595372642e-01
-2.882276675991643500e-01
1.319336865228518986e-02
3.155189261461302519e-02
7.550340865698425274e-03
-7.450108590401292863e-02
1.591951324332764872e-01
4.275072521716954399e-01
5.944278473856893230e-01
8.384945191039183676e-01
1.024941990529291358e+00
1.411486730158498792e+00
1.417321848148401120e+00
1.238016190947571316e+00
1.457100374835891943e+00
1.686569174805296223e+00
1.388932036932560177e+00
1.481531879792304940e+00
1.346216584512759162e+00
1.656726897623761685e+00
1.829462860443568539e+00
2.040511727867202030e+00
2.002784296388508967e+00
1.742508054536298090e+00
1.436895656331079740e+00
8.838753974395967550e-01
4.429523449096240406e-01
4.757390948935771857e-01
1.235653398000440828e-01
-4.627649439562561140e-01
-1.054779920643162949e+00
-1.204372023437459749e+00
-1.045351140874906548e+00
-9.865467651795456483e-01
-1.402306435482822966e+00
-1.397180664257495319e+00
-1.475141814135569218e+00
-1.669213970142749748e+00
-1.135063800400565981e+00
-1.007794525909523120e+00
-8.488779292184110981e-01
-8.749084593760871886e-01
-5.911626676751227105e-01
-4.866105668830135733e-01
-6.452623061037996433e-01
-5.678292763862434755e-01
-4.316740194369964589e-01
-3.219386750450461410e-01
1.923729616923074148e-01
4.102362128637365019e-02
1.949162556572386906e-01
3.927847900085396776e-03
1.605160616367471427e-01
1.069934287904407699e-01
-4.204410245449326233e-02
3.662161373081519733e-02
1.788666707544068202e-01
2.611362407151843201e-01
6.960527003248374867e-02
-6.396922633254707724e-02
4.385006568891895717e-02
1.828665523864434206e-01
1.472206285681037785e-01
1.500958818027152142e-01
1.809785961794846965e-01
5.288254022672674859e-01
7.445218862934628312e-01
8.951656479059241223e-01
7.497000817745731460e-01
9.680148780165075406e-01
1.309864820105982375e+00
1.320551564914226317e+00
1.437644378801225420e+00
1.569927683093935489e+00
1.537997280100003472e+00
1.589541453124742487e+00
1.777274256696458776e+00
1.823413080113989615e+00
1.259792865787230154e+00
1.034260015122697052e+00
7.088113779739622089e-01
5.589672474748643705e-01
5.797732900789196453e-01
6.105120735875503302e-01
3.873847796037555025e-01
7.984975910570695223e-01
1.208117773362486158e+00
1.215231393198586085e+00
1.474464495380484852e+00
1.613738387361706383e+00
1.361826863904387785e+00
9.513040629416474880e-01
8.616290430957537216e-01
8.605940562545898453e-01
1.020983380006635688e+00
8.059455784210401985e-01
6.661719545015380994e-01
6.304127046580227933e-01
3.038322197865305219e-01
3.218415625369698274e-01
5.325571138712303920e-01
6.093833351161549450e-01
6.021450747518486413e-01
3.925226734071131096e-01
3.651366665652544530e-01
6.822690258175441169e-01
1.196443714679744863e+00
1.079391128000798394e+00
9.457857316152257221e-01
1.024893789324694549e+00
8.311821296687622596e-01
6.286378132963553744e-01
3.214820350935823079e-01
2.836784511316248758e-01
4.276406801253228585e-01
3.357358875825506850e-01
-2.085345161025500826e-01
-1.490471590025223003e-01
-3.598080676298163749e-01
-6.269684259215027033e-01
-6.091352201601222260e-01
-4.293257480772142975e-01
-3.051282599991503863e-01
-2.389040925845865582e-01
-5.283851248985528271e-01
-3.504874167619576597e-01
-4.856840697766532378e-01
-4.377954535859638896e-01
-4.141163935015552133e-01
-2.922779478471153602e-01
-2.175517651217536153e-01
-2.792435098097164059e-01
-6.515170383249665464e-01
-4.285584451154127450e-01
-4.292037393410212398e-01
1.071024009938266047e-01
6.157370699915994949e-01
1.340467835535211094e+00
1.959598083899654286e+00
2.182816833315458283e+00
2.580061689297117322e+00
2.817356935980061650e+00
2.944387872791571326e+00
3.167244627920007272e+00
2.915719887544871991e+00
2.875581456620808218e+00
2.657630840793106852e+00
2.328409265305043885e+00
1.780816885423107454e+00
1.379713648127793846e+00
6.516789594693550569e-01
-6.323854987459102961e-02
-3.031476591402280651e-01
-6.194028576786125839e-01
-9.249048622010093146e-01
-1.058795032783524048e+00
-1.277616078609165040e+00
-1.547659758616648285e+00
-1.364989866974844146e+00
-1.090302677535939013e+00
-1.432976445265767174e+00
-1.242319578970587202e+00
-1.327294788894515687e+00
-1.109987974141548372e+00
-1.038292701741418300e+00
-1.162262376614044301e+00
-1.251536894778429332e+00
-1.374020981876022285e+00
-1.422406823601159553e+00
-1.472911522669022588e+00
-1.243220878118094674e+00
-9.987988535714308336e-01
-7.540391471921387145e-01
-9.083627085580641136e-01
-7.360716118809834674e-01
-6.580240151155639650e-01
-6.343871032578303204e-01
-4.371153979471052997e-01
-5.496508642010995427e-01
-7.682163920223459286e-01
-6.711824074881782565e-01
